[gd_scene format=3 uid="uid://p52xlrlxyuwu"]

[ext_resource type="Script" uid="uid://chrm3wa08gm4b" path="res://scripts/cab.gd" id="1_spjk5"]
[ext_resource type="PackedScene" uid="uid://dlt3hnurijvlv" path="res://assets/cab/cab.gltf" id="1_xat6g"]

[sub_resource type="BoxShape3D" id="BoxShape3D_spjk5"]
size = Vector3(1.78125, 1.559082, 2.725586)

[sub_resource type="BoxShape3D" id="BoxShape3D_ysf7l"]

[node name="Cab" type="Node3D" unique_id=311286431]
script = ExtResource("1_spjk5")

[node name="cab" parent="." unique_id=2073643422 instance=ExtResource("1_xat6g")]
transform = Transform3D(1, 0, 0, 0, 1, 0, 0, 0, 1, -1.1834276, 0, 0.5203469)

[node name="Camera3D" type="Camera3D" parent="." unique_id=1635521922]
transform = Transform3D(0.04959937, 0, 0.9987693, 0, 1, 0, -0.9987693, 0, 0.04959937, 5.624544, 8.9137, 6.2082767)

[node name="LampLight1" type="SpotLight3D" parent="." unique_id=2133249530]
transform = Transform3D(1, 0, 0, 0, 0.007033604, 0.99997526, 0, -0.99997526, 0.007033604, -5.6903057, 14.78953, 11.447178)
light_color = Color(0.94377536, 0.71978, 0.33939496, 1)
light_energy = 16.0
light_indirect_energy = 3.815
light_volumetric_fog_energy = 6.185
light_size = 0.027
light_specular = 1.241
spot_range = 29.235628
spot_angle = 57.270782

[node name="LampLight2" type="SpotLight3D" parent="." unique_id=1518196723]
transform = Transform3D(0.8572212, 0.46452522, -0.22223432, 0, 0.43156627, 0.90208125, 0.5149483, -0.7732832, 0.36994776, -2.3248422, 8.633298, 3.8434913)
light_color = Color(0.8540143, 0.5983811, 0.15543553, 1)
light_energy = 9.889
light_indirect_energy = 5.0
light_volumetric_fog_energy = 1.07
light_size = 0.389
spot_range = 8.707891
spot_angle = 43.02695

[node name="DirectionalLight3D" type="DirectionalLight3D" parent="." unique_id=215142500]
transform = Transform3D(0.22505286, -0.6130174, 0.7573381, 0.17461924, 0.79006946, 0.587621, -0.9585715, 1.5444506e-08, 0.28485203, -111.98483, 17.517637, 21.262348)
light_color = Color(1, 0.88235295, 0.24705882, 1)
light_energy = 0.02
light_angular_distance = 34.11

[node name="BoardArea" type="Area3D" parent="." unique_id=2012505424]

[node name="CollisionShape3D" type="CollisionShape3D" parent="BoardArea" unique_id=1397524671]
transform = Transform3D(2.3583057, 0, 0, 0, 5, 0, 0, 0, 5, -7.5444756, 9.090917, 11.545213)
shape = SubResource("BoxShape3D_spjk5")

[node name="BoardZoomPoint" type="Marker3D" parent="." unique_id=607078469]
transform = Transform3D(-4.371139e-08, 0, 1, 0, 1, 0, -1, 0, -4.371139e-08, -2, 9, 11)

[node name="BoardCamera" type="Camera3D" parent="." unique_id=194028761]
transform = Transform3D(-4.371139e-08, 0, 1, 0, 1, 0, -1, 0, -4.371139e-08, -2, 9, 11)

[node name="PhoneArea" type="Area3D" parent="." unique_id=533972068]
transform = Transform3D(2.5504847, 0, 0, 0, 4.830805, 0, 0, 0, 2.7705588, -1.9636363, 6.3218822, 1.9463154)

[node name="CollisionShape3D" type="CollisionShape3D" parent="PhoneArea" unique_id=1191326647]
shape = SubResource("BoxShape3D_ysf7l")

[node name="PhoneZoomPoint" type="Marker3D" parent="." unique_id=347301147]
transform = Transform3D(3.466261, 0, 0, 0, 4.830805, 0, 0, 0, 2.7705588, 6.7555795, 9.751574, 1.9463154)

[node name="PhoneCamera" type="Camera3D" parent="." unique_id=373876320]
transform = Transform3D(-3.2867987e-08, -0.65924084, 0.75193185, -2.8816334e-08, 0.75193185, 0.65924084, -1, -1.471365e-15, -4.3711395e-08, 0.12554741, 8.411997, 3.0267816)

[connection signal="input_event" from="BoardArea" to="." method="_on_board_area_input_event"]
[connection signal="mouse_entered" from="BoardArea" to="." method="_on_board_area_mouse_entered"]
[connection signal="input_event" from="PhoneArea" to="." method="_on_phone_area_input_event"]
[connection signal="mouse_entered" from="PhoneArea" to="." method="_on_phone_area_mouse_entered"]
